sno,sna,sarea,lng,lat,907,908,909,910,911,912,913,914,915,916,917,918,919,920,921,922,923,924
1,捷運市政府站(3號出口),信義區,121.5679044,25.04085789,75,72,80.5,102,104.5,141,125,145.5,154,131,122,119,118,110,110,58.5,34.5,25.5
2,捷運國父紀念館站(2號出口),大安區,121.55742,25.041254,22.5,19.5,23.5,12,17,20,34,34,13,14.5,11,15,23,13.5,10,9.5,2.5,4
3,台北市政府,信義區,121.5651694,25.03779722,17,14.5,17,24,17,20,22,21,11.5,16,14,15.5,23,26,24.5,5.5,14,7
4,市民廣場,信義區,121.562325,25.03603611,20.5,23,32.5,28.5,34.5,45,46,46.5,47,46.5,41.5,36.5,37,34,30.5,27.5,20,23
5,興雅國中,信義區,121.5686639,25.03656389,13,19,28.5,31,27,40,33,28,25.5,33,19,32.5,32.5,40,34.5,29.5,22,17.5
6,臺北南山廣場,信義區,121.565973,25.034047,8,10,19.5,29,34,44,48.5,51,54.5,54,43.5,47.5,46.5,41.5,34,20.5,16.5,8.5
7,信義廣場(台北101),信義區,121.5656194,25.03303889,24.5,27,20,17.5,27.5,52,48,55,63.5,59.5,52,51.5,57.5,50.5,36.5,16.5,18,9
8,世貿三館,信義區,121.5636889,25.03521389,17.5,22.5,20.5,32.5,40,47,46,46.5,53.5,46.5,44.5,42,31.5,34.5,31.5,24.5,16.5,20.5
9,松德站,信義區,121.57448,25.031785,24.5,28,19,10.5,6.5,3.5,2,11.5,14.5,15,13.5,16,13.5,10.5,16,20,25.5,25.5
10,台北市災害應變中心,信義區,121.5661167,25.02866111,24,31.5,32.5,25,20.5,8.5,11,23,19.5,9.5,10,17,17,13.5,15.5,28.5,28.5,40
11,三張犁,信義區,121.55762,25.034937,44.5,30.5,23.5,18.5,15,18.5,20,17,17,10.5,10,13,19.5,25.5,24,22.5,44,46.5
12,臺北醫學大學,信義區,121.561747,25.026679,10,17,30,25.5,29.5,19.5,20,4.5,14.5,13.5,5,5.5,1,8.5,7.5,9.5,17,24
13,福德公園,信義區,121.58367,25.03809,29,36.5,32.5,43,39,34.5,32,29,26,25.5,22,8,10.5,13.5,22.5,18,29.5,22.5
14,榮星花園,中山區,121.54037,25.06424,25.5,18.5,13.5,15.5,21,11,8,3.5,6,3.5,5,7,19.5,3,6,28,12.5,28
15,饒河夜市,松山區,121.571885,25.049845,40,37.5,37.5,37.5,39.5,35,34,33,31.5,30.5,28.5,33.5,32,30.5,31,29.5,37,33
16,松山家商,信義區,121.579135,25.036084,22.5,21.5,20,20.5,18.5,15.5,9.5,8,9.5,6.5,0.5,5,5,3.5,13,17,32.5,34
17,民生光復路口,松山區,121.55514,25.05862,18.5,16,18.5,18,17.5,20.5,20.5,18.5,20.5,18.5,21.5,21,25,24.5,16,12.5,15.5,21
18,臺北市藝文推廣處,松山區,121.552278,25.048268,19.5,24.5,22.5,13.5,17.5,22.5,15,14.5,27,27,14.5,16.5,19.5,13.5,14.5,11,12.5,13
19,象山公園,信義區,121.56981,25.02863,13,20,15,19,21,19.5,11,8,11,17.5,18.5,16.5,10.5,10,22.5,14.5,9.5,8
20,捷運科技大樓站,大安區,121.543293,25.025896,50,54,35.5,37,50,55,42.5,40.5,33,27.5,40.5,37.5,35.5,45,51,40.5,37.5,33
21,民生敦化路口,松山區,121.548982,25.057985,14,13,22.5,24.5,26,26.5,26,26,22.5,31,27.5,23,20,29.5,30,31.5,31.5,25
22,松山車站,信義區,121.57845,25.048824,13.5,24.5,24,21.5,27,38,31,25.5,30,31.5,23,14,13.5,14,25.5,4,7.5,12
23,東新國小,南港區,121.602798,25.055074,18.5,16.5,12,15.5,16.5,9,6.5,9.5,13,9.5,4,9,9,17.5,15,12.5,23.5,26.5
24,信義建國路口,大安區,121.53747,25.03293,30,28,4,4.5,22,15,18.5,19,27.5,33,44,11,2.5,4,8,12.5,13.5,12
25,永吉松信路口,信義區,121.57205,25.04543,16,17,12.5,12.5,13.5,8.5,15.5,12.5,4.5,18.5,18.5,7,17.5,10,5,11.5,16,17
26,捷運昆陽站(1號出口),南港區,121.592375,25.050142,22,21.5,20.5,20.5,21.5,26,29,29,25.5,19.5,30,26,26.5,26.5,21.5,22.5,13.5,15.5
27,捷運南港展覽館站(5號出口),南港區,121.61669,25.05469,2,10.5,10.5,31,13.5,18.5,30.5,15.5,15.5,15,11.5,19.5,23,9,10.5,20.5,2.5,17.5
28,五常公園,信義區,121.57467,25.04814,18,23.5,20,21.5,21,17,17.5,10.5,9,17,12,12.5,7.5,4,11.5,14.5,25,20
29,金山愛國路口,大安區,121.52655,25.03164,17.5,14.5,23.5,21.5,22,19.5,17,19.5,18.5,13.5,11,2.5,12.5,16,24.5,24.5,21.5,18
30,基隆長興路口,大安區,121.544352,25.017054,57.5,56.5,45.5,37,47.5,41,25.5,35,42,48,54.5,20.5,8.5,16.5,34.5,44,62,56.5
31,辛亥新生路口,大安區,121.53456,25.022413,13.5,13,19.5,15,13.5,12,7,13.5,14,20,14.5,8.5,5,7,5.5,19.5,16.5,15.5
32,捷運六張犁站,大安區,121.553161,25.023884,23,19.5,24,24.5,23.5,20.5,13.5,14.5,17,14,11.5,13.5,12,1.5,2,14,21.5,21
33,中崙高中,松山區,121.56087,25.04878,20,18,11.5,13,13,17.5,14,16,18,23.5,20.5,15,17,15,17,18.5,22,20
34,捷運行天宮站(1號出口),中山區,121.532934,25.058369,17,20.5,15.5,14.5,11.5,17.5,20.5,19.5,17,19,17,16.5,17.5,18.5,16.5,13,17,17.5
35,捷運行天宮站(3號出口),中山區,121.533302,25.059978,24.5,16.5,18,17,9,20,22,13.5,18.5,21.5,12.5,18.5,16.5,14.5,10.5,9.5,14,11
36,臺大資訊大樓,大安區,121.54153,25.02101,12.5,18.5,18.5,25,21,18,29,52,57.5,53.5,55,53.5,43.5,25,23,21.5,17.5,17.5
37,捷運東門站(4號出口),大安區,121.528988,25.0337,31.5,32.5,35.5,21,14,22.5,16.5,17.5,15,5.5,2,11,21.5,11.5,6.5,7,16,12
38,臺灣師範大學(圖書館),大安區,121.52889,25.02665,5,9,7.5,19.5,6.5,7,4,14.5,9.5,14.5,11,9,13.5,16.5,10.5,19.5,13.5,10
39,南港世貿公園,南港區,121.61422,25.058,11,10,12.5,13.5,14.5,12,11,11,7.5,13.5,10,9,12,11,12,6.5,5.5,6.5
40,玉成公園,南港區,121.5864,25.04287,0,0,0,0,0,0,0,0,0,0,0,0,0,0,0,0,0,0
41,中研公園,南港區,121.613706,25.047425,14,13.5,10,8,17,16,10.5,12.5,17.5,13.5,16.5,12,5,12.5,14,22,18,21
42,捷運後山埤站(1號出口),信義區,121.58174,25.04431,23.5,14,18.5,21.5,27.5,30,29,26,28,15.5,8.5,6,18,18.5,15,14,5.5,5
43,凌雲市場,南港區,121.614154,25.035639,23.5,24,22.5,20,15.5,13.5,14,13,12,13.5,12.5,9,15.5,10.5,14.5,16.5,19,17.5
44,捷運南港軟體園區站(2號出口),南港區,121.616187,25.05973,18.5,17,17.5,18,18,18.5,17.5,17,17,14.5,16.5,13,17.5,20.5,22,19,21.5,21.5
45,捷運公館站(2號出口),大安區,121.534538,25.01476,4,5,8.5,6.5,17,7,17.5,9.5,13,7,15.5,15,19.5,3.5,13.5,23,2,6
46,南港國小,南港區,121.611027,25.05646,20,19,19,21,21,20,18,17.5,16,10.5,10.5,9.5,10,8,13,16.5,17.5,19.5
47,捷運忠孝新生站(3號出口),大安區,121.533862,25.041924,11,19,17.5,16.5,14.5,9,13.5,16.5,14,18.5,15.5,9.5,14,9,8,8.5,7.5,9.5
48,南港車站(忠孝東路),南港區,121.608202,25.05247,13,13.5,10,9.5,8.5,9,9,6.5,9,13.5,13.5,14.5,19.5,19.5,13.5,15.5,14.5,10
49,龍門廣場,大安區,121.548252,25.040901,9.5,13,21,11.5,21,15.5,21,8,14.5,19,27.5,10,13.5,10.5,20,13,13,19
50,民權運動公園,松山區,121.560186,25.062002,24.5,23.5,22,22,20,24,24.5,24,25,20.5,23,21,16,20.5,24,25.5,31,31.5
51,建國農安街口,中山區,121.536775,25.065031,25.5,26.5,24.5,27,26,17.5,15,15.5,12.5,11,8,6,4.5,6.5,11,8,21,26.5
52,建國長春路口,中山區,121.536925,25.054761,8.5,5.5,7,7,6,6,6.5,10,6.5,8,7.5,9.5,11,16.5,16,20,16.5,18
53,八德市場,中山區,121.536609,25.044781,11,12.5,13,4.5,4,9,3.5,6.5,13,11,8,5.5,8.5,10.5,9.5,6.5,10.5,7
54,臺北市立圖書館(總館),大安區,121.538073,25.028798,11.5,5.5,8.5,14.5,12.5,5.5,16,12.5,17,10,0.5,5.5,3.5,7.5,10.5,19.5,18,25.5
55,臺北田徑場,松山區,121.549408,25.049505,10.5,10.5,13.5,12.5,10.5,15.5,16,25,28.5,24.5,11,8,20,16.5,8,0,9,7
56,仁愛林森路口,中正區,121.522334,25.038954,12.5,16,27,27,20.5,17.5,21.5,33.5,30,25.5,26,10,8.5,8,16,9,17.5,16.5
57,新生和平路口,大安區,121.53519,25.026217,20.5,25,28.5,34,27.5,24,21.5,34,30,20.5,20.5,15.5,13,12.5,4.5,10.5,24.5,26.5
58,捷運善導寺站(1號出口),中正區,121.5222,25.045267,17.5,17.5,27.5,30.5,28,33,37,28,30,27,24,19.5,29,26,21.5,23,25,23.5
59,林森公園,中山區,121.525805,25.052227,16,12.5,12.5,8.5,8,13,14.5,11.5,14,10,7,15.5,11.5,13.5,17.5,20,18.5,13.5
60,中山行政中心,中山區,121.533487,25.064317,19,17.5,14,13.5,15.5,14.5,11,15.5,11.5,15.5,18,10.5,14.5,12.5,13.5,20.5,20,24
61,台灣科技大學,大安區,121.539723,25.0131,17.5,22.5,30,15.5,6.5,6,17.5,23.5,25,39.5,28,9,6,9.5,14,17,25,26.5
62,南昌公園,中正區,121.520258,25.026827,10.5,13.5,17,24.5,22,19.5,23.5,20.5,14,13,20.5,13.5,22,17.5,8,17.5,7.5,1.5
63,仁愛醫院,大安區,121.545632,25.037569,10.5,17.5,20.5,10,8.5,21,19,15,12.5,15.5,20,16.5,17,12.5,3.5,3,4,8.5
64,國家圖書館,中正區,121.517029,25.037773,10,12,27,27.5,32,27.5,29.5,33,35.5,32,18,11.5,19.5,20,19,12,9.5,8
65,青年公園3號出口,萬華區,121.502708,25.022725,19.5,34.5,28,15.5,16,15,16,18.5,20.5,20.5,16,3.5,5.5,3,11,16.5,25.5,26
66,師範大學公館校區,文山區,121.537188,25.007528,22.5,19.5,20,15,16,21,17.5,14,14.5,11,8,4.5,9.5,14.5,22,19,13,21.5
67,捷運臺大醫院(4號出口),中正區,121.516428,25.042973,24.5,26.5,19,24,26,12.5,11.5,15.5,17,15,32,18,8,30,28,22,5.5,1.5
68,國興青年路口,萬華區,121.506536,25.025865,29.5,22,18,19,13.5,18,18.5,21.5,27,19.5,10,12,18,17,10,10.5,19.5,24
69,興豐公園,文山區,121.547778,24.999837,21,21.5,17.5,21,18,22,18.5,12,12.5,12.5,13.5,13,12.5,12,11.5,5,8,11.5
70,捷運台北101/世貿站,信義區,121.561645,25.032752,32,29.5,25,25.5,30.5,34,29.5,17,15,7.5,25,24,22.5,26,17,17.5,21.5,13
71,捷運信義安和站(4號出口),大安區,121.554204,25.032985,23,15,14,27,13,21.5,15.5,11,10,16.5,2,13.5,12.5,17,7.5,9.5,7,11
72,新生長安路口,中山區,121.529346,25.048611,31,29,27.5,24,21,17.5,15.5,10.5,9,7.5,6,5.5,6,14,15,19,21.5,23
73,酒泉延平路口,大同區,121.510195,25.072228,12.5,13.5,9,9.5,9.5,10.5,8.5,9,10,8.5,9,10.5,9.5,12.5,13.5,18,16.5,16.5
74,信義連雲街口,中正區,121.530547,25.033817,20,18.5,15.5,13.5,8,7.5,8,8,16,12,9.5,10.5,15.5,11.5,17,26,15,18.5
75,基隆光復路口,信義區,121.557635,25.0300508,12,16,13,11,9,4,6.5,5,7,9.5,16,12.5,12,11.5,17,16.5,20,14.5
76,新生長春路口,中山區,121.527522,25.056387,22,24.5,20.5,12,9,8.5,13.5,13.5,15.5,10,7,9.5,9.5,8,11.5,17,26,20
77,民生活動中心,松山區,121.56297,25.059147,18.5,15.5,17,18,25,22.5,17.5,16.5,15,16,8,7.5,10,12.5,10.5,12.5,13,16
78,捷運圓山站(2號出口),大同區,121.519287,25.071824,30.5,35,37,30.5,29,25.5,31.5,23,24.5,20,4.5,39,34,31.5,24,16,9,5.5
79,捷運民權西路站(3號出口),大同區,121.520205,25.061285,15.5,17.5,15,17.5,14.5,20.5,18,25,23,16.5,12,7.5,6,5,1.5,2.5,5.5,17.5
80,華江高中,萬華區,121.495869,25.02751,22,16.5,16.5,18.5,16,18,24,27,23.5,24.5,18,13.5,13,21,14.5,23.5,23,25
81,捷運台電大樓站(2號出口),大安區,121.528552,25.020547,27,30.5,25.5,15,9.5,13,12.5,6.5,10,5.5,6.5,4.5,20.5,13.5,6.5,21,23.5,22.5
82,捷運西門站(3號出口),中正區,121.508693,25.041778,34,32,30.5,19,20.5,16,26.5,27.5,32,24.5,23.5,22.5,30.5,27,26.5,9,5,2
83,捷運大安森林公園站,大安區,121.535161,25.033156,60.5,49.5,50.5,45,38.5,36,35,41,50.5,46,54,36.5,35.5,24.5,32,26,10.5,3.5
84,復華花園新城,萬華區,121.502899,25.029705,27,26.5,20.5,26,24.5,25,23,25,21,23.5,17.5,9.5,11,9,5,12,13,14.5
85,信義敦化路口,大安區,121.54911,25.033362,13,23.5,28.5,20,20.5,21,26.5,21,16.5,24.5,24,20,18,17.5,25,19.5,24.5,30.5
86,民權復興路口,松山區,121.545138,25.062344,25,22,19.5,16.5,19,21.5,20.5,20.5,21,12.5,17,19.5,18,20,21.5,19.5,23.5,20.5
87,捷運大安站,大安區,121.543057,25.033078,11,3,12.5,13.5,4,5.5,9.5,9,11.5,10.5,1,5.5,3.5,8.5,5,12,14,5.5
88,捷運象山站,信義區,121.57087,25.032922,25,26,48.5,45.5,36.5,36.5,36.5,36,39.5,34.5,37.5,33.5,41,39,28,22,10,10
89,和平重慶路口,中正區,121.516385,25.027323,35.5,30,17,33.5,28,18,23.5,18.5,25.5,27,26,20.5,7,10.5,13.5,17,27.5,38
90,老松國小,萬華區,121.501708,25.037783,19.5,21.5,18.5,15,24.5,24.5,23,19.5,18.5,18,18,22,12,13,12.5,17.5,16,18
91,市立美術館,中山區,121.523268,25.070629,20,22,24.5,23,23.5,24.5,27.5,32.5,25.5,21.5,17.5,8,15.5,19,15.5,21,18,16
92,開封西寧路口,萬華區,121.507169,25.046618,18.5,20.5,12,15,11.5,12,14.5,6,8,7.5,3.5,1.5,2,4,11,7,6.5,6.5
93,吳興公車總站,信義區,121.569836,25.023877,33.5,21,36.5,48.5,40,32.5,22,21.5,22,21.5,16,5,14,11,17.5,39,21,24
94,捷運景美站,文山區,121.541059,24.993254,14,22.5,21.5,19,17,13,21.5,30,34,28.5,19.5,11,33,37,8.5,17.5,16.5,10.5
95,東園國小,萬華區,121.497679,25.023393,23.5,23.5,21,17,18.5,20.5,11.5,14,14,6,4.5,2,12,4,7.5,17.5,26,17
96,三民公園,松山區,121.566558,25.061567,17.5,18,18,13.5,11.5,11.5,13,11,11,11,7,5,4.5,11,14.5,18.5,18.5,21.5
97,捷運劍潭站(2號出口),士林區,121.524721,25.082825,24.5,20.5,17,22.5,26,22.5,25.5,29,17.5,20,18.5,17.5,13,31,36.5,24,3,14
98,羅斯福景隆街口,文山區,121.540197,24.999378,24,24.5,25.5,24,22,22.5,21.5,22.5,25,20.5,18.5,12,15.5,15,8,12.5,12.5,15
99,捷運雙連站(2號出口),大同區,121.520711,25.057866,18.5,24.5,21.5,20,21.5,27.5,29,31,26.5,16.5,14,15.5,8.5,17,15,11,11,14.5
100,金山市民路口,中正區,121.530697,25.045753,7,6.5,10,11,12,9.5,8.5,17.5,18,23,23,11.5,7.5,4,0.5,1.5,5.5,4
101,華山文創園區,中正區,121.528487,25.043668,14,13,18.5,23,21,17.5,19,24,24,23.5,25.5,28,22,13,9.5,3.5,6.5,6.5
102,臺北市客家文化主題公園,中正區,121.525322,25.02043,16.5,14.5,11,7.5,7,7,8.5,8.5,8.5,7.5,5,1.5,13.5,20,16,19,28.5,16
103,萬華車站,萬華區,121.503028,25.033639,21,20,19,17,16.5,23.5,23.5,20.5,23,19.5,18,15.5,18,21.5,20.5,19.5,17,19
104,台北花木批發市場,文山區,121.54074,25.004023,25.5,18.5,28.5,25,24,21.5,21.5,21,19,15.5,12,6.5,9.5,11,14.5,12.5,6,9.5
105,峨嵋停車場,萬華區,121.505409,25.044412,11,12,8.5,12,15.5,18.5,20,18.5,23,17,15.5,9.5,9.5,13.5,16,10.5,7,2.5
106,西園艋舺路口,萬華區,121.497674,25.032932,28,28.5,21.5,20,21,20,22.5,20.5,15,19.5,13,13.5,14,7.5,6.5,21,20,11.5
107,捷運小南門站(1號出口),中正區,121.509422,25.036402,15.5,19,29.5,32,33.5,32.5,30,29.5,25,34.5,32,26.5,22.5,24.5,24,22,17.5,16.5
108,臺北孔廟,大同區,121.515843,25.073306,19,17,15.5,22.5,17.5,16.5,11.5,14.5,14,20,12.5,13.5,7,8.5,15,8.5,15.5,16
109,林安泰古厝,中山區,121.530805,25.071606,11,11.5,18,20.5,25.5,15,13.5,12,11.5,6.5,3.5,2.5,3,5.5,8,7,11.5,12.5
110,文湖國小,內湖區,121.560888,25.086376,31,29.5,17,8.5,25.5,20.5,17,6,2,4,5.5,5.5,6.5,11,27,15.5,26.5,34.5
111,捷運忠孝復興站(2號出口),大安區,121.543497,25.040184,31.5,22.5,18.5,21,22.5,23.5,23,28,24,18.5,36,44,26.5,17,2.5,9,8.5,11
112,捷運新北投站,北投區,121.503124,25.137456,30,25,23,22,20.5,15.5,8,6,4.5,8,7,3,7,3.5,6,12.5,14.5,14.5
113,仁愛逸仙路口,信義區,121.561178,25.037724,22.5,22,16.5,15.5,14,10,6.5,12.5,15,15.5,24,28.5,23.5,27,21,17,15.5,16
114,蘭雅公園,士林區,121.530386,25.109908,6.5,11.5,13.5,3,12,9.5,3.5,16,15.5,16.5,19,13.5,13,11.5,11.5,6.5,10.5,12
115,臺北轉運站,中正區,121.520526,25.048222,41,48,34,27,28.5,23.5,36.5,37.5,44.5,37,43.5,41.5,46.5,40.5,36.5,39,15,27.5
116,福林公園,士林區,121.530215,25.096122,23.5,21,27,30.5,24.5,27,25.5,24.5,22.5,22,18.5,12.5,10,12.5,14,15.5,15.5,19.5
117,捷運北投站,北投區,121.498618,25.132581,19.5,24.5,23.5,32,21,24.5,32.5,27.5,27,21.5,11.5,24,16,33,24.5,7.5,7.5,5
118,大業大同街口,北投區,121.499152,25.136929,28.5,23,28,19,12.5,16,10,10,15,10.5,11,11,17,19,12.5,6,11,18.5
119,捷運劍南路站(2號出口),中山區,121.555116,25.08418,6,9.5,17.5,25.5,26.5,35,27,30,33.5,23,22,13.5,17.5,26.5,14,14,11.5,7.5
120,捷運龍山寺站(1號出口),萬華區,121.50026,25.035479,18.5,19.5,15,18.5,26,16.5,20,18,31.5,34.5,33.5,24.5,11.5,6.5,7.5,8.5,2,11.5
121,龍江南京路口,中山區,121.540568,25.05298,33,33,42,42,37,39.5,36,37.5,46.5,45.5,46,43,36,32.5,32.5,34.5,33.5,38
122,捷運港墘站(2號出口),內湖區,121.57584,25.079666,18.5,24,26.5,25.5,21,22,23.5,18,21.5,16.5,16,15.5,20.5,24.5,21,17.5,17,18
123,天母運動公園,士林區,121.534136,25.116325,15,19,19,25,28,26.5,27.5,24.5,23.5,21.5,26.5,24.5,30.5,17.5,12,11.5,8,12
124,振華公園,北投區,121.518163,25.115863,28,28,25.5,24,22.5,24,24.5,24.5,22,24,24,16.5,19.5,19,20.5,20.5,22.5,23
125,華西公園,萬華區,121.498495,25.038609,19.5,20.5,20.5,18.5,8,10,8.5,10,11,6,4.5,6.5,15.5,9,15.5,15.5,21.5,23
126,敦化基隆路口,大安區,121.548336,25.022073,18.5,19,17,18,17,17,15,17.5,18.5,18.5,19,16,10,12,18.5,19.5,16.5,17
127,東湖國中,內湖區,121.619521,25.073277,24,25,21,21.5,21,23.5,15,16,16.5,19,15.5,9.5,9,9.5,13,17,23.5,25.5
128,成功國宅,大安區,121.546726,25.026808,26,24,22,22,14.5,12.5,16.5,16.5,17,11.5,14.5,6.5,9,11,8,7.5,17,26.5
129,捷運文德站(2號出口),內湖區,121.58456,25.078424,24.5,25,23,21,21,22,19.5,16,13.5,11.5,15,18.5,21,17,14.5,17.5,17,15.5
130,羅斯福寧波東街口,中正區,121.519411,25.031445,7.5,8.5,5,9.5,11.5,12,12,14,12.5,6,11.5,8,21.5,16,12,15,10,9
131,洲子二號公園,內湖區,121.568688,25.079322,7.5,7.5,9,10.5,13.5,19,19,21.5,22.5,19.5,19,17.5,18.5,18,13.5,9.5,4,1.5
132,羅斯福新生南路口,大安區,121.5331757,25.01603085,60.5,57.5,55.5,58,36,64.5,73,69.5,75,45,45,48,67.5,55,52,46.5,16,20.5
133,蘭興公園,士林區,121.525888,25.111839,20.5,23,17.5,13.5,20,21,10.5,7.5,8.5,12,15,11.5,22,21,18.5,8,19,24.5
134,捷運芝山站(2號出口),士林區,121.522629,25.10336,25,25.5,14.5,27.5,28.5,38.5,47,42,49,35.5,21.5,24.5,27.5,25,36,2,1.5,5.5
135,捷運石牌站(2號出口),北投區,121.515677,25.114513,13.5,7,9,15,19,27,30,29,28.5,34.5,33,21,17,24.5,17.5,10.5,9,12.5
136,國立臺北護理健康大學,北投區,121.517512,25.118049,11,19,12,5.5,9.5,12.5,12,14.5,13.5,11.5,7.5,6,8,6,5.5,5,4.5,6.5
137,國防大學,北投區,121.493066,25.137976,17.5,15.5,10.5,12,15.5,12,12,12,8.5,10.5,11,11,19,19,25.5,29,28.5,24.5
138,捷運永春站(2號出口),信義區,121.575372,25.040558,16.5,15.5,16.5,13.5,18,25,22.5,8.5,12.5,6.5,8.5,3.5,5.5,10,10.5,7,6,4.5
139,永樂市場,大同區,121.510549,25.054501,11,11.5,8,17,10.5,4.5,3.5,24.5,27,25,9.5,7.5,10,13.5,15.5,10,17,15
140,捷運大橋頭站(2號出口),大同區,121.512909,25.063404,13,21,13,11.5,15.5,8.5,11,20,25,17.5,20,10,19,18.5,9.5,16,12.5,19.5
141,文山行政中心,文山區,121.569984,24.989902,12,14.5,20.5,22.5,23.5,22.5,24.5,16.5,16.5,17.5,17,12.5,5.5,4.5,7,6.5,8.5,8.5
142,捷運木柵站,文山區,121.574214,24.997747,19,19,20,19.5,18.5,25,27.5,24,27,24.5,22.5,24.5,26,23,20.5,21.5,16.5,9
143,捷運動物園站(2號出口),文山區,121.578752,24.997659,17,17,21.5,24.5,24.5,25.5,26,29,30,36.5,30,27.5,24.5,20.5,16,14,11,10.5
144,國立政治大學,文山區,121.576536,24.988363,29.5,31.5,36.5,36,38.5,36.5,37.5,37,39,29.5,25.5,22,19,23,21,16.5,26,36.5
145,樹德公園,大同區,121.516149,25.066688,32,32.5,23.5,23.5,25,27,26.5,17.5,22,23.5,18.5,7,8,14.5,7.5,15,21,27.5
146,捷運士林站(2號出口),士林區,121.526556,25.092546,22.5,20,14,10.5,12,19,17.5,7.5,3.5,5.5,7,8.5,18,23.5,11,12.5,9.5,11.5
147,士林運動中心,士林區,121.521814,25.089175,21,21.5,16,15,7.5,12,11,16.5,15.5,15,18,10,9.5,20.5,11.5,8,10.5,9.5
148,捷運明德站,北投區,121.518316,25.110331,31.5,19,30,28.5,29.5,32,33.5,34.5,35,35.5,34,32.5,38,35.5,41,45.5,53.5,51.5
149,北投運動中心,北投區,121.509621,25.116665,41,44.5,39.5,28.5,32.5,31.5,22.5,22.5,23,15.5,15,8,12,16.5,30.5,23.5,35.5,40
150,松德公園,信義區,121.57343,25.036568,21,18.5,8,11.5,8,6.5,9.5,15.5,16,13,16,18.5,11,10.5,15,27,25,27
151,考試院,文山區,121.549827,24.987507,17,22.5,16,14.5,16,17,13.5,12.5,11.5,12,7.5,5,9,10.5,14,13,19.5,20
152,百齡國小,士林區,121.519175,25.08521,30,27.5,25.5,21,30,17.5,10,18,22.5,18,20,12.5,15.5,5.5,7,20,22,24.5
153,蔣渭水紀念公園,大同區,121.516299,25.059885,23,21.5,18,17,15.5,13.5,12,15,9,7.5,6.5,9.5,3,9,12.5,19,20,23
154,中正基河路口,士林區,121.519867,25.093396,22.5,23,20,20.5,19,20.5,18,19.5,19,17.5,15,17.5,12.5,12.5,8.5,12.5,20,15
155,瑞光港墘路口,內湖區,121.57505,25.076193,15,16,15.5,17,19.5,22,23.5,14.5,15.5,19.5,21,22.5,18,13,16,18.5,19,17.5
156,東湖國小,內湖區,121.61538,25.06853,10.5,12,11,10.5,17.5,14.5,16,10,9,9.5,8,10,13.5,10.5,17,6.5,14.5,16
157,麗山國小,內湖區,121.571467,25.082703,13.5,12.5,7.5,7.5,4.5,17.5,16.5,15.5,15,12.5,9,6,12.5,10.5,11,17,25,28
158,捷運東湖站,內湖區,121.61355,25.067026,19,21,28,35.5,34,36,38.5,33,30,28.5,24.5,13.5,5,10,12,19,17,16
159,捷運西湖站(1號出口),內湖區,121.566695,25.082866,11,9,12.5,15.5,18.5,20,16,15.5,15,11.5,8,13.5,10,14.5,8,14.5,10.5,6.5
161,大豐公園,北投區,121.503768,25.131143,37,33,33,22,29.5,28,27.5,30.5,24.5,25.5,25.5,25,24,26.5,28,40.5,37,42.5
162,捷運中山國小站(4號出口),中山區,121.52772,25.062924,45,27.5,32.5,30,21.5,19,18.5,20,19.5,13.5,12,1,3,2.5,11,14.5,21,26.5
163,捷運麟光站2號出口,大安區,121.559279,25.018097,61,59,52,40,43.5,40.5,34.5,34,34,34.5,37.5,17.5,16.5,14,22,37,47.5,51.5
164,捷運奇岩站,北投區,121.500801,25.126286,8,12,12.5,22.5,30.5,31,35,41.5,44,42.5,40.5,26,20,20.5,20,18,8,10
165,捷運唭哩岸站(2號出口),北投區,121.505693,25.120788,16,14.5,16,20,20.5,23.5,28,29,28,28,19.5,14.5,17.5,30.5,32,33.5,26.5,20
166,臺北市立景美女中,文山區,121.556177,24.980602,13.5,14,22.5,18.5,15.5,16,12.5,15.5,19,18.5,15,9.5,15,8.5,8,13.5,19.5,15.5
167,臺北市立天文館,士林區,121.518046,25.095714,21,24,20.5,27,28.5,31,32,35.5,32,41,29,19,7,4.5,4,6.5,8,8
168,河堤國小,中正區,121.522855,25.02288,32,29.5,31,29.5,26.5,22,18.5,16,18,10,6.5,7,9,9.5,12,11,14,17
169,植物園,中正區,121.509813,25.030015,26,23.5,22,21.5,19.5,19.5,22.5,19.5,21.5,18.5,18,21,18.5,20,26.5,34,41,35
170,新東公園,松山區,121.568883,25.059245,26,29.5,26,23.5,23.5,18.5,19,20.5,20,21,16,10.5,11.5,25.5,20,18.5,32,34
171,文山運動中心,文山區,121.559651,24.996842,21,25.5,19,19,18,16.5,17,19.5,20,17.5,15,13,11.5,8,6.5,7,12.5,13
172,捷運南京三民站(1號出口),松山區,121.562891,25.051562,16,9,8,15.5,11.5,17.5,11,23,13.5,8.5,10.5,1.5,14,20.5,2.5,3,5,2
173,捷運松江南京站(7號出口),中山區,121.533211,25.052181,42,42,36,30.5,32,35,30.5,33.5,35.5,34,40.5,28.5,41.5,32.5,25,25.5,23.5,25.5
174,捷運小巨蛋站(5號出口),松山區,121.553057,25.051702,22,23.5,23,30.5,34,25.5,32,37.5,22,20.5,24.5,20.5,8.5,16.5,18.5,7,27.5,26
175,捷運南京復興站(5號出口),松山區,121.544847,25.051618,14,16.5,32,34.5,31,21,21.5,18,19.5,25.5,13,24,22.5,26,22,10.5,7.5,4
176,興安華城,中山區,121.542318,25.055997,69,67.5,69.5,65,64,56.5,50,51,54.5,53.5,52.5,49.5,49.5,61,65,68,66,73
177,葫蘆國小,士林區,121.507495,25.082538,21.5,23.5,25,23.5,24,28,26,25,26.5,27.5,27,17.5,17.5,17,6,11.5,17.5,18.5
178,延平國宅,士林區,121.510306,25.078908,14.5,12.5,11,12.5,12,11.5,12.5,11.5,11,12,10.5,9,6,4.5,5.5,10,14.5,17
179,南港公園,南港區,121.59073,25.041355,31.5,31,36.5,32.5,28,26,23.5,19,19,19,13.5,7,2.5,6.5,3,5,16.5,20
180,福華商場,內湖區,121.592654,25.06877,17,18.5,20.5,20.5,20,21.5,23,22,15,20,18,16,16.5,20.5,24,21,22.5,24
181,建國和平路口,大安區,121.537383,25.02585,17,20.5,39.5,23.5,11.5,21.5,18.5,20,21,20.5,2.5,2.5,12.5,7,5,8.5,13,18
182,捷運古亭站(2號出口),中正區,121.523537,25.0253,10.5,11.5,12.5,17,24,30.5,33.5,28.5,25.5,21.5,15.5,18.5,23,13.5,5.5,4.5,4,6
183,圓環站,大同區,121.514179,25.05379,18,17,12,15,9,7,6,6,6.5,7,8.5,9,7,9,10,12.5,14,9.5
184,劍潭社區,中山區,121.537892,25.084759,19.5,18,22.5,20.5,19.5,18.5,17,17,16,13,10.5,10,12,12.5,16,16,20,20
185,?公公園,大安區,121.54605,25.042342,4,6.5,4.5,6,6.5,11.5,17.5,14.5,13,12,8.5,17,17,12.5,13,4.5,8,8.5
186,臺北市立大學,中正區,121.514218,25.035414,26,28.5,27.5,30,32.5,34.5,31.5,29.5,29.5,29.5,24,17,21,13.5,14.5,10,10,6
187,仁愛延吉街口,大安區,121.555769,25.037465,14,15,11.5,12,19,15.5,13,13,11.5,12,17,17,25.5,19.5,12,18.5,20,23.5
188,社子國小,士林區,121.50189,25.090293,25,25,31,31,28.5,31,32,31,31,32,32,25,28,23.5,26,27,35.5,39
189,金瑞公園(金龍路),內湖區,121.58781,25.087987,22,19,31.5,21.5,21.5,14.5,9,7.5,9,7,11,14,15.5,13.5,10,21,19,16.5
190,捷運大直站(3號出口),中山區,121.546683,25.079278,14.5,18,19,14,15.5,18.5,21,24,24.5,22.5,21,18.5,24,20.5,29.5,35.5,31,25
191,捷運大湖公園站(2號出口),內湖區,121.60206,25.083873,13,12.5,11.5,21,22.5,22,21.5,27,27,30.5,28.5,25.5,23,21.5,13,11,6.5,15
192,捷運葫洲站(1號出口),內湖區,121.607955,25.072485,7,8,6,11,10.5,13,15.5,19,18.5,14.5,15,10,8.5,9,9.5,7,14.5,15.5
193,舊莊區民活動中心,南港區,121.61935,25.041277,21,19,21.5,20.5,24.5,21.5,17,19,19,20.5,21,6,5.5,9,7,12,16.5,19
194,市民林森路口,中山區,121.524388,25.047958,20.5,19.5,18,18.5,21.5,20.5,19.5,12,10.5,25,25,26,28.5,30.5,35.5,30.5,34.5,35.5
195,信義杭州路口(中華電信總公司),中正區,121.523987,25.035851,30,29.5,22.5,32,26,23,25.5,27.5,23,16.5,19,14,10,11.5,16,25,27.5,31
196,新湖國小,內湖區,121.589233,25.068744,13.5,11.5,13.5,13,10,9,8.5,7.5,7,10.5,9.5,9,8.5,6.5,8,6,9,12
197,饒河夜市(八德路側),松山區,121.571885,25.049845,17.5,16.5,14.5,14.5,12,9.5,7,5.5,5,6.5,8,9.5,12,16,17,12,9.5,12
201,東陽公園,南港區,121.597924,25.057164,26.5,25,22,22,20.5,20.5,16,17,18,23,18.5,13.5,5,9,18.5,25,34.5,31
202,捷運關渡站,北投區,121.467336,25.124646,28,27,23.5,25,22,26,30.5,30,28.5,31.5,40.5,18.5,11,18.5,35,31,27,23
203,古亭國中,萬華區,121.51057,25.024487,29.5,27,19.5,15.5,12.5,10,8,10,11.5,8.5,6,2.5,5.5,10,17,11,19,25.5
204,臺北市立大學(天母校區),士林區,121.53742,25.113625,23,23,19.5,18.5,21,18.5,18,20,18,21,21.5,15.5,14.5,15.5,21,20,22,21.5
205,木柵光輝路口,文山區,121.55561,24.988241,15.5,14.5,12,12.5,20,20,13.5,11,12.5,12,14,17.5,10.5,10.5,9.5,10.5,11.5,14
206,捷運辛亥站,文山區,121.55716,25.005386,17,19,19.5,18.5,17.5,14.5,12.5,13.5,14,14,12.5,10.5,10.5,5.5,9.5,12,11,12.5
207,福安國中,士林區,121.487477,25.103242,11,10,9.5,9.5,11.5,13,13,13.5,13,14,13.5,13,12.5,16,16,16,16,16
208,龍山國小,萬華區,121.495342,25.035555,29.5,24.5,19,19,20.5,19.5,17.5,14,13,12,11.5,13.5,14.5,14,11,18,19.5,22.5
209,捷運復興崗站,北投區,121.486071,25.137837,18.5,18,18,17.5,18.5,21,19.5,22,18.5,22,19,18.5,13.5,13,11.5,14.5,13.5,10
210,樂群二敬業四路口,中山區,121.558135,25.079766,44.5,44.5,37.5,32.5,29.5,22.5,18.5,18,15.5,12,10,11,14,23,26,28,33.5,45
211,星雲金湖街口,內湖區,121.597339,25.080915,17,16,14.5,12.5,19,20,19,17.5,19,18.5,18,17.5,16.5,14,14,17,19,20
212,北安大直街口,中山區,121.549452,25.084223,21,20.5,19,19,21,16.5,16.5,13.5,10.5,24,25.5,21,21,18.5,28.5,30.5,30.5,29.5
213,蘭雅國小,士林區,121.523107,25.107782,13,12.5,18,17,14.5,16,17,17.5,21.5,24,21.5,12.5,11.5,17.5,18,20,21,18
214,基河一期國宅,內湖區,121.578645,25.055935,23,22.5,23,22,20.5,19.5,20,20,17.5,17,15.5,14,16.5,11.5,12,14,16.5,19.5
215,捷運北門站(3號出口),大同區,121.510367,25.04993,25.5,25,25.5,30,36.5,31.5,39,30.5,28.5,35.5,25.5,8.5,22.5,17.5,21.5,19.5,10.5,12.5
216,培英公園,中山區,121.544601,25.082553,20.5,30.5,32.5,32.5,28,25,24.5,25.5,25,26,23,19,15.5,12,9,10.5,12.5,15.5
217,臺北花市,內湖區,121.574267,25.062645,7.5,11,12.5,7,13.5,21.5,25.5,20,21.5,16,19,28.5,21,18,17,4.5,2,6
218,松山高中,信義區,121.564108,25.043299,0,0,0,0,0,0,0,0,0,0,0,0,0,0,0,0,0,0
219,大理高中,萬華區,121.49074,25.031147,17.5,25,20.5,21,16.5,15.5,9,11.5,13,17.5,17.5,7.5,5.5,12,17.5,26.5,23.5,26
220,大稻埕公園,大同區,121.510512,25.059162,5,3,8.5,1,5,8.5,11,7.5,7,9,4.5,6,12.5,13.5,5.5,4,13.5,14
221,泰和公園,信義區,121.57107,25.019276,23,15.5,14.5,15.5,19.5,12,7,10.5,9.5,3.5,1.5,6,9,8,9.5,18,29,18
222,撫順公園,中山區,121.522065,25.064108,13.5,14,15,11,12,9,10,8.5,7,6,3,2.5,9.5,7.5,8.5,7.5,15,21.5
223,清江國小,北投區,121.507267,25.1274,28.5,30,29.5,23,17,11.5,11.5,18.5,13,9.5,4,5,12,20.5,11.5,17.5,33,32
224,社正公園,士林區,121.510535,25.088243,32.5,26.5,22.5,23,23.5,23.5,24,24.5,25,19,21,21,19,14,15.5,18.5,25.5,26
225,臥龍樂業街口,大安區,121.554839,25.0186,31,27,31,27.5,23.5,28.5,28,25,23,25,20.5,14.5,10.5,19,13.5,16,29,29
226,向陽南港路口,南港區,121.594228,25.054365,15.5,17.5,19.5,17,16,17,17,16,15.5,13.5,9,9.5,11.5,9,7.5,7,11,10
227,麗山高中,內湖區,121.57668,25.084244,24,24.5,25.5,24,21,18,17.5,17,17,14.5,16.5,17.5,16,20,22,23,26,27.5
228,捷運萬芳社區站,文山區,121.567474,24.998956,14,13,13,12,12.5,11.5,9.5,13,12.5,10.5,7.5,5.5,13.5,9,13,15.5,17,17.5
229,市民太原路口,大同區,121.514611,25.049394,10.5,8,9.5,11.5,8,7.5,13,10.5,15,12.5,20.5,12.5,17,26,19,8.5,2,3
230,湖光國宅,內湖區,121.580811,25.075366,23,20.5,17,16.5,13.5,14,12.5,9,9,11.5,12,10,6.5,6,13,16.5,23.5,24
231,內政部營建署,松山區,121.545022,25.047805,17,15.5,17.5,17.5,17.5,18,16,9,13.5,8.5,9,8,18.5,21.5,25.5,23.5,17.5,18
232,中山天母路口,士林區,121.529738,25.118843,12,11.5,9,13.5,10.5,8.5,7.5,13.5,13,12.5,8.5,5.5,10,9.5,3.5,4,10,11
233,捷運忠義站,北投區,121.474155,25.131411,7,7,5.5,7,7,6,8.5,10.5,10.5,11,9.5,11,10,8.5,9.5,9.5,9,10
234,永欣綠地,北投區,121.526071,25.124162,22.5,22.5,20,16.5,13,17.5,19.5,18,26,22,19,15,15,13,11,17.5,18.5,17.5
235,市民東興路口,松山區,121.565928,25.04846,8,6.5,6.5,5,14.5,16,12.5,14,13.5,15.5,9.5,14,7,13.5,17,20.5,20.5,16
236,關渡自然公園,北投區,121.469138,25.119292,26,21.5,23.5,24.5,22,18.5,17.5,22,28,24.5,19,3,7.5,9,7,7,11.5,18.5
237,文山第二行政中心,文山區,121.551418,25.001149,22,22,25.5,23,20,21,18,17.5,16,13.5,15.5,9,8.5,11.5,11.5,20.5,16,20.5
238,瑞湖陽光街口,內湖區,121.575965,25.073119,13.5,13,19.5,23.5,21,14,14.5,18,17.5,18.5,16.5,16,13,11,13.5,11,10.5,11.5
239,新明路321巷口,內湖區,121.584098,25.056687,22.5,21,21,20.5,19,18.5,15,13.5,14,12,7.5,7.5,7,10.5,10.5,14.5,16,17.5
240,南京建國路口,中山區,121.536802,25.052141,38,31,31.5,33.5,36,40,43,42,39,35.5,38,36,30.5,24.5,23.5,28.5,26.5,21.5
241,林口公園,信義區,121.579146,25.038943,21.5,24.5,18,19,19.5,15.5,19,20.5,17,14,12,16,18,13,10,12.5,20,22.5
242,關渡宮,北投區,121.463161,25.117472,18,14,15,11,17.5,18.5,19,27.5,14.5,17.5,13.5,8.5,7,21,23,14,19,19.5
243,社子公園,士林區,121.506219,25.090202,15,16,16,14,13,11.5,10.5,9.5,10,10.5,11,12,12.5,8,7.5,7.5,12,12
244,復興市民路口,中山區,121.543736,25.045908,14.5,13,8.5,16.5,24.5,34,37.5,38,33,30,27,14.5,7,9,10.5,7.5,0.5,7
245,捷運中山國中站,中山區,121.544028,25.060632,22.5,21.5,12.5,17.5,29.5,29,19.5,17.5,19,20.5,8.5,28,30,13.5,12.5,11,4.5,12
246,國立故宮博物院,士林區,121.548086,25.098743,6.5,6,8,6.5,7,7.5,9,9,10,10.5,9.5,8,8,8.5,8.5,7,7.5,6.5
247,木柵公園,文山區,121.560627,24.987144,14,11.5,7.5,11,11.5,13.5,18,16.5,18,17,15,14,14.5,9.5,10,13,13.5,17
248,喬治工商,大安區,121.555566,25.027123,11.5,14.5,5,18.5,15.5,13,14.5,12.5,11,7,6.5,6,7,11.5,10,16.5,14,11.5
249,中華桂林路口,萬華區,121.506624,25.037706,22.5,16.5,15,15.5,18.5,20,16.5,19,13,4.5,4.5,15.5,12,14.5,12,11.5,11,8.5
250,忠孝東路三段217巷口,大安區,121.539873,25.04184,22,16.5,14.5,14,12.5,9,9.5,19,17,16,15,10,11,11,12.5,12,15.5,13.5
251,華齡公園,士林區,121.520692,25.083023,24.5,21.5,12,21,20.5,15,16.5,11,23.5,23,20.5,8.5,15.5,14,10.5,13.5,25,18.5
252,大安運動中心,大安區,121.545608,25.020544,15.5,16.5,18.5,23.5,31,12.5,13,12,17,29,27,17.5,14,19.5,12.5,13,9.5,10
253,芝山抽水站,士林區,121.52799,25.101423,13,12,14.5,13.5,11,16,15,8.5,4.5,4.5,1.5,1,3.5,8,9,10.5,14,15.5
254,立功立德路口,北投區,121.471482,25.125377,11.5,20.5,21,20.5,19.5,17.5,16,18.5,20,18,17.5,13.5,5,7.5,8,10,14.5,15
255,光復南路22巷口,松山區,121.557674,25.046914,14.5,9,18,15.5,12,8.5,14.5,11,12.5,15,19,8,12,12.5,21,19.5,19,21
256,中山中正路口,士林區,121.527526,25.096507,11.5,10.5,9.5,12,11,11.5,17,16.5,16.5,13.5,11,7.5,7,11,7,5,7,9
257,錦德公園,萬華區,121.492637,25.023316,24.5,20.5,17,14.5,11,8.5,4.5,4.5,6.5,7.5,7.5,5.5,5.5,11.5,13.5,15,22,25
258,聯合醫院中興院區,大同區,121.507979,25.052096,19.5,18.5,17,14,14,12.5,11.5,10,5.5,4.5,3.5,6.5,5.5,5,9,16.5,19,20.5
259,南京遼寧街口,中山區,121.542168,25.051761,10.5,16.5,13,6,12.5,21.5,24,24,23.5,19.5,16,20.5,13.5,23,16,7.5,8.5,13
260,民權瑞光路口,內湖區,121.583991,25.068616,9,8.5,8.5,15.5,13.5,18,17,18.5,18,17.5,16.5,14,14,11.5,12.5,16,16.5,17.5
261,健康新城,松山區,121.560928,25.054095,31,29.5,28.5,30.5,30,25.5,20,18.5,20.5,16.5,10.5,9,7,13.5,16,14.5,27,33
262,永安藝文館-表演36房,文山區,121.569064,24.984144,19.5,16.5,15.5,14,13,12,12.5,11.5,10.5,10.5,12,8,5,6,4.5,12,15.5,16.5
263,至善臨溪路口,士林區,121.542153,25.097103,13,13,11.5,12,15.5,13.5,9,8,10,10.5,8.5,7,5,5,9,10.5,11.5,13
264,秀山區民活動中心,北投區,121.493009,25.145936,12.5,11.5,9,6,4,9,7.5,17,17,16,13,7.5,7,5,5,5.5,8.5,8
265,中央北路四段30巷口,北投區,121.478,25.135394,12,12,14,14.5,11.5,9.5,10,12.5,9,9.5,11.5,8.5,7.5,6,3,3,4.5,7
266,洲子一號公園,內湖區,121.564806,25.080258,6.5,6.5,9,9.5,11.5,13.5,14.5,20.5,19.5,17.5,18,15,11,12,13,12,13.5,12
267,八德中坡路口,南港區,121.580194,25.05062,26,28.5,27.5,27.5,26.5,27,26.5,26.5,17.5,19,22.5,22,25,29.5,19.5,19.5,21,22.5
268,南港高工,南港區,121.607055,25.056655,18.5,17.5,19.5,19,19,17.5,17,10.5,12.5,9,7.5,5,4.5,7.5,9,13,13,14.5
269,三軍總醫院,內湖區,121.590304,25.070723,18,20,19.5,19,17.5,19.5,16.5,17.5,16.5,16,12.5,12.5,7,9,14.5,20,23,23
270,雨農國小,士林區,121.529217,25.105429,27,21.5,18,19,18.5,11.5,7.5,2,13,15,11,15,13,12,13.5,14.5,22.5,16
271,伊通長安路口,中山區,121.534693,25.048334,5.5,5.5,6,12.5,18,21,22,17.5,14.5,13.5,12.5,8.5,1.5,5,6,6,5,4
272,忠順區民活動中心,文山區,121.563125,24.984707,15,15.5,17,14.5,13,14.5,14,16,15,17,16,3.5,7,14,9.5,18,21,20
273,芝山國小,士林區,121.535954,25.110437,29,28,20.5,9.5,25,24,23,18,19.5,15.5,16,14.5,12,9.5,15,22,22.5,20
274,扶輪親恩公園,內湖區,121.579833,25.066997,16,15,15,14,12.5,11,11,10.5,11.5,9.5,11,10,10,11.5,11.5,13,11,12
275,西本願寺廣場,萬華區,121.507688,25.040988,27,25,27,22,18,19,23.5,19.5,34,34,32.5,31,23.5,18,32,21.5,12.5,9.5
276,三興公園,信義區,121.55932,25.028679,27,21,21,15,9,4,4,3.5,3.5,10,13.5,6.5,4,9,5.5,11,22,25
277,中山堂,中正區,121.51025,25.044091,9,8.5,9,8.5,12.5,11.5,15,16,13.5,13.5,11.5,8,10,5.5,7.5,7,7,6.5
278,明美公園,內湖區,121.586065,25.062557,14.5,16.5,17.5,18,16,16,16,17,17.5,20.5,20,13,10.5,13.5,14,13,11.5,11.5
279,南港車站(興華路),南港區,121.606331,25.053432,9.5,14,15,14.5,17,23,32,16.5,18.5,16.5,26,23,19.5,20,9,18,12,2.5
280,士林新天地,士林區,121.51732,25.089034,15,9,6.5,5.5,7,5.5,6.5,6.5,14,14,9.5,12.5,6.5,10.5,9,12.5,11.5,12
281,松江公園,中山區,121.532725,25.050245,9.5,8,5,4.5,3.5,6.5,12,9,10,12.5,10,6.5,9,4,6,6,6,9.5
282,富台公園,信義區,121.571999,25.041935,19.5,18.5,13.5,12,13.5,17,18,16,19,15,12.5,11,6.5,7,7.5,15,22,25
283,中央北路四段540巷口,北投區,121.4677,25.127959,15,15.5,15,15,12.5,10.5,8.5,12,10,11,9,9.5,13,15,12,10,10.5,10.5
284,華聲公園,士林區,121.522096,25.096166,26,28,26.5,28,24.5,26,28.5,28.5,24.5,23,22,20,21,22.5,18.5,19,18,19.5
285,螢橋國小,中正區,121.51377,25.025966,24,24,20.5,17.5,23,21.5,11.5,25.5,24.5,24.5,17,18,9,15.5,12,11.5,23,22.5
286,德明財經科技大學,內湖區,121.565713,25.086372,22.5,20.5,19,15,16,16,16,15,12.5,11.5,9.5,15,17,16.5,18.5,24.5,22.5,25.5
287,第二果菜批發市場,中山區,121.538264,25.067558,25,28.5,22.5,20.5,15,18.5,24,18.5,8,9.5,11,17,14,7,7,9,24.5,27.5
288,濟南紹興路口,中正區,121.524591,25.041928,36,36,32.5,33,28.5,25,19.5,33,30,32.5,27.5,25,23,25,26.5,28,36,38
289,牯嶺公園,中正區,121.518835,25.023377,21.5,24,26.5,27.5,21.5,16.5,8,4,4,7.5,4.5,4,5,18,13,6.5,23.5,16
290,新生公園,中山區,121.530188,25.068387,14,14,16.5,13.5,17,13,13,6.5,6.5,5.5,7,0.5,3,3,4.5,5,6.5,11.5
291,捷運松山站(3號出口),松山區,121.577459,25.049616,40.5,42,30.5,33.5,31,29,39,36.5,32,30,29.5,23,37.5,22.5,22.5,20.5,5.5,16
292,合心廣場,南港區,121.582848,25.046361,24,23.5,22,27.5,29.5,26.5,26.5,23.5,27.5,22,20,21,24.5,23.5,22.5,20.5,23.5,24.5
293,自來水園區,中正區,121.530037,25.013284,16.5,20,15.5,15,14.5,23,24.5,25.5,30.5,28.5,14,20.5,25,25,16,20,17,12
294,朱崙商場,中山區,121.540431,25.047617,10,7.5,12.5,17,8,10.5,10.5,9.5,4,8.5,5.5,10,8.5,4,10,12,9.5,14
295,敦親公園,大安區,121.541083,25.023473,20,16,13.5,19.5,19,16.5,11.5,13.5,6,8,7,10,15,7,6.5,10.5,19.5,21
296,萬和二號公園,文山區,121.536446,25.001545,18.5,20,18,14,11.5,20,23,19,18.5,19.5,10,4.5,7.5,11,9,16,18,22
297,長沙公園,萬華區,121.499922,25.041702,12.5,10.5,8,6.5,7,3,5.5,3.5,4,3.5,5,4,3,4.5,6,13.5,16.5,16.5
298,太原五原路口,大同區,121.516976,25.056458,17.5,14.5,15,15,9.5,8,7,6.5,4,5.5,9,4,14.5,11,6.5,12,15,19
299,萬華國中,萬華區,121.499358,25.029264,16.5,19,17,17.5,14.5,14.5,16.5,15.5,13.5,10.5,11.5,16,15.5,15,14.5,12.5,12.5,15
300,信義基隆路口,信義區,121.558731,25.033209,7,7,7,11.5,5,14,13.5,10,6.5,3.5,8.5,11,10,3,10,11.5,7.5,6
301,林森長春路口,中山區,121.525383,25.055062,8.5,5,5.5,8,2.5,8.5,8.5,14,12,9,8,3,9,10.5,10.5,11,19,20
302,敦北公園,松山區,121.550711,25.060746,17,18.5,17,16.5,14,13,9.5,9,7.5,11.5,12,11.5,11,9,9,15,13.5,14
303,安泰街83巷,內湖區,121.617085,25.076691,17,15.5,14.5,12,8.5,5,6,6.5,5.5,1.5,2.5,3,4,6,8,14.5,17,19.5
304,金華公園,大安區,121.531235,25.029902,23,20.5,10,12.5,16,11,13.5,8.5,9.5,21,14,13,6.5,3.5,16,12,20,25
305,碧山公園,內湖區,121.592253,25.087413,22,23,19,28.5,16,8,4.5,11.5,13,12.5,13.5,13.5,14.5,18.5,22,14.5,25,24.5
306,捷運古亭站(6號出口),大安區,121.52198,25.027781,23.5,19.5,16.5,15,15,21.5,22.5,17.5,22,19.5,16.5,14,5,5.5,19,19,23,31.5
307,仁愛安和路口,大安區,121.552076,25.03757,8,12,14.5,18,19.5,13,11,9.5,18,13,10,7,8,8.5,9,4,5.5,5
308,西松高中,松山區,121.567127,25.055672,23,21.5,18.5,16.5,15.5,18,12,10.5,7.5,11,9,5.5,10,17.5,24.5,15,19,22
309,三軍總醫院(松山分院),松山區,121.556098,25.05447,27.5,23.5,20,14,9,9.5,11,5.5,8.5,6,7,6,10,5.5,9.5,12,26,21.5
310,國立臺北大學(臺北校區),中山區,121.542732,25.057923,17,16,27.5,23.5,12.5,15.5,11.5,14.5,13,11,8.5,5.5,4,5,5,5.5,11,15
311,捷運忠孝新生站(2號出口),中正區,121.532229,25.042392,11.5,10.5,10.5,15,11,14,14,14.5,19,22,9.5,5,6.5,10.5,2.5,3,3,5.5
312,捷運信義安和站(1號出口),大安區,121.552787,25.033323,24,22.5,19.5,16,12.5,13,12,13.5,20,13.5,5,12.5,17,13,12,13.5,13.5,11
313,光華商場,中正區,121.532738,25.04515,21,16.5,8,10,24.5,29,47.5,54,53,52.5,42,42,36,27,23,3.5,5.5,5.5
314,敦化長春路口,松山區,121.54872,25.053614,10.5,12,16,9.5,9,10.5,13.5,13,11,11,2.5,14.5,8.5,16.5,8,5.5,4,4.5
315,捷運萬隆站(1號出口),文山區,121.539037,25.001447,14,12.5,12.5,10,14,12,10.5,7,7,12.5,11.5,11,14,10,8,12.5,11.5,12.5
316,民有一號公園,松山區,121.54763,25.060911,19,20.5,20,18,15.5,10.5,14.5,17.5,18.5,16,16.5,15.5,14,13.5,20.5,18.5,20.5,22
317,雙園國中,萬華區,121.491675,25.026823,20.5,21.5,23.5,19.5,20.5,15,12.5,12.5,10.5,13.5,8,2.5,3,4,7,7.5,17,20.5
318,成功金龍路口,內湖區,121.59484,25.084135,7.5,12,9.5,11.5,15.5,19.5,15.5,14.5,10,15,12.5,11.5,17,13,12.5,8,6,6
319,民族林森路口,中山區,121.525322,25.068507,9.5,12,9,13,13,12,13,11,11.5,16,14.5,1.5,3.5,4,4,8,13,20
320,捷運南京三民站(3號出口),松山區,121.564262,25.051287,9,9,7,12,11.5,10.5,10,9.5,15.5,14.5,14,5.5,2,11.5,8.5,7.5,7.5,0
321,莒光大埔街口,中正區,121.505085,25.031334,12.5,10,10,8.5,9,7.5,7,9.5,8,8,8,12,14,17,16,18.5,23,19
322,永盛公園(民生東路一段23巷),中山區,121.52504,25.058835,11.5,10.5,19,17,17.5,16,16,16,18.5,18,17.5,17.5,19,18,13.5,11,9,15.5
323,新興公園,中山區,121.524392,25.061568,10.5,11,12.5,6,7.5,7,8,5.5,2,1.5,0.5,2,4,7.5,12,17.5,22.5,10.5
324,市立圖書館葫蘆堵分館,士林區,121.5108,25.08221,11.5,8,9,11.5,13,12.5,16,15,14,15,15,4,6,9.5,6,6,11,11
325,南京東路六段368巷,內湖區,121.58707,25.05827,16,16,15,14.5,16,16.5,16,15.5,16,15.5,7.5,8,3.5,6,6,7,8,8.5
326,基隆路一段101巷口,信義區,121.56709,25.04525,18.5,15,9.5,6.5,5,13.5,17.5,19.5,18.5,16.5,14.5,7.5,6.5,7,7.5,12.5,18.5,20
327,重慶南海路口,中正區,121.51464,25.03158,10,10,12.5,15.5,13.5,13.5,16,11.5,15,13,11,9.5,9,11.5,7,3,6.5,7.5
328,一江公園,中山區,121.53146,25.05316,15,13.5,9,14.5,18,16,18,13,11,12.5,9.5,6.5,7,5.5,8,15,22,22
329,樂群二明水路口,中山區,121.55236,25.07983,9.5,7,12.5,20,18.5,21,22,18,18.5,17,13,9.5,11,8,3.5,5.5,5.5,7
330,迪化休閒運動公園,大同區,121.5115,25.07491,13,12.5,13,14.5,14.5,15,13,11.5,13,15,14.5,13,13,7.5,10.5,9,15,17
331,民族玉門街口,中山區,121.51974,25.06859,16.5,16.5,17.5,22,26.5,25,28,25.5,23.5,16.5,9.5,5,14,11,17,15,14,12.5
332,捷運中山站(2號出口),中山區,121.52193,25.05225,14.5,17.5,18.5,21.5,19,15.5,18,14.5,17,25.5,11,17.5,9.5,14,13,17,9,7.5
333,復盛公園,松山區,121.561182,25.047428,12.5,11.5,15,15,17,14,11.5,12,16.5,14.5,11.5,14.5,17.5,17,16.5,15,15,18
334,敦化南路二段103巷口,大安區,121.549024,25.028973,6,2.5,8,12.5,14.5,12.5,14,17,15,1.5,4,2.5,3,6,16,17,15,15
335,景文中學,文山區,121.567855,24.986301,12.5,14,14,14.5,15,14,14.5,12,13,12,14,15,12,11,14,14.5,14,14
336,承德路三段8巷口,大同區,121.51815,25.06382,4.5,7.5,8,5.5,5,5,8.5,12.5,8.5,8,6,6.5,6.5,6,5.5,8,6.5,5
337,彩虹橋,內湖區,121.57592,25.05301,15.5,15,14.5,14.5,14.5,13.5,13.5,11.5,7,9,8.5,5.5,7,8.5,7,11.5,7,6.5
338,成德國中,南港區,121.58794,25.04573,17,13.5,17,15,14.5,16.5,12,16.5,14.5,14,11.5,7,11,13,20,16,14,17.5
339,重慶國中,大同區,121.51816,25.07581,17,16,15,18,21,23.5,22,22,21,20,19,16.5,12,10.5,11,13,15.5,15.5
340,南京光復路口,松山區,121.55716,25.05143,8.5,11,13,14,15,12,13,16.5,13,17,12.5,2.5,7.5,10,8,8.5,9,10
341,捷運芝山站(1號出口),士林區,121.52243,25.10094,7,7,14.5,14,12.5,19.5,20.5,18,18.5,20,17.5,14,14.5,13,15,14.5,12,5.5
342,文林建民路口,北投區,121.51468,25.10779,22,21.5,21.5,19,17.5,13.5,10,7,4.5,9,7.5,7.5,9,13.5,14.5,16,13.5,15
343,忠孝東路六段185巷口,南港區,121.58755,25.04904,18,16,13.5,8.5,16,18,21.5,19,16.5,18.5,17,11,12,8,9.5,14,15.5,22
344,捷運忠孝復興站(5號出口),大安區,121.54401,25.04264,17,15,15,16,15.5,22,23,21,22,18.5,12.5,18.5,15.5,17,13.5,11,7.5,5
345,中正運動中心,中正區,121.51943,25.03806,13,14.5,20.5,16.5,17.5,18,12.5,13.5,9.5,11,11.5,9.5,21.5,17,10.5,13,8,9
346,陽明高中,士林區,121.51669,25.09157,11.5,14.5,12,20,21.5,16.5,18,18,18,16.5,17.5,18,19.5,19.5,16,16.5,17,16.5
347,博愛寶慶路口,中正區,121.51135,25.04134,5.5,5.5,12.5,13.5,11,11,10.5,9,9,10.5,6,4,3,4,7.5,4.5,4.5,4.5
348,民生立體停車場,松山區,121.55945,25.05794,16.5,15,8.5,7.5,10.5,8.5,11,11,6.5,9,11,7.5,9,10.5,8,10.5,20.5,10
349,重慶酒泉街口,大同區,121.51364,25.07183,17.5,16.5,19,19,14,11.5,8,9,5.5,8,8,10.5,6.5,8.5,7.5,8.5,8.5,12.5
350,復興南路二段128巷口,大安區,121.54336,25.02904,18.5,23.5,18,20,18.5,10.5,15.5,16,11.5,16.5,9.5,1.5,1,7.5,18.5,24.5,24.5,26.5
351,中山青島路口,中正區,121.51954,25.04469,16,18.5,24.5,24.5,27,25,26,29.5,31.5,32,32,20.5,19,19,11,9.5,5.5,13.5
352,民權迪化街口,大同區,121.50944,25.06318,9.5,8,8,7.5,6.5,3.5,2.5,5,7,8,8,4,8.5,7.5,9,7,10.5,13.5
353,紀州庵,中正區,121.52049,25.02088,22.5,23.5,18.5,20.5,19,16.5,16,15.5,11.5,11.5,7.5,3,9,12,11,12.5,15.5,16.5
354,建國濟南路口,大安區,121.538084,25.040033,15,14,13,12,14,6,9,12.5,11,12.5,13,9,6,5.5,10.5,7.5,10.5,11
355,福山公園,南港區,121.61759,25.04478,15,14.5,11,11,12.5,13,12.5,15.5,15.5,13.5,12,14,9.5,8.5,12.5,14.5,18,16.5
356,臺北市網球中心,內湖區,121.59749,25.0674,15.5,14,12.5,12,9.5,10,8,8,9,8,7.5,4,11.5,11.5,13.5,12,11.5,13
357,松友公園,信義區,121.57636,25.03423,11,9.5,10,14,8,13,13.5,8.5,4.5,2.5,0.5,8.5,6,4.5,7.5,14.5,9,15
358,新明成功路口,內湖區,121.5911,25.06058,13,12,11.5,11.5,11.5,11.5,11,13.5,13,12,11,8.5,8,7.5,8.5,7.5,11,10
359,健安新城,松山區,121.56358,25.05601,27.5,24.5,12,10,14,7.5,10.5,8.5,14,11,15.5,13.5,2.5,8,11.5,15,23,18.5
360,民權建國路口,中山區,121.53754,25.06252,27.5,28.5,24,26.5,27.5,22.5,28,26.5,22.5,20,18,12.5,18,17,13,13,17.5,20
361,振興醫院,北投區,121.5222,25.1177,15,21.5,22,22,22.5,18,17.5,18,20,17.5,12.5,7.5,9.5,8.5,11.5,10.5,10,10.5
362,和平金山路口,大安區,121.52533,25.02672,8,7.5,9.5,12,15.5,13,10,11.5,17,15.5,17,8.5,9.5,9.5,13,13.5,12.5,12.5
363,復興南路一段340巷口,大安區,121.5435,25.03617,15,20,17.5,19,21.5,20.5,19,20,21.5,23.5,22.5,19.5,18,17,12.5,10.5,5.5,6.5
364,嘉興公園,大安區,121.55219,25.02109,14,13,27,31,17.5,25,19.5,18.5,15,14,12,15.5,10.5,2.5,7.5,19,25,14
365,陽明大學,北投區,121.51223,25.11912,36,32.5,21.5,25.5,21,17,14.5,16,12.5,15,11,8.5,7.5,15.5,13,19,22.5,26.5
366,碧湖公園,內湖區,121.58287,25.07988,20.5,22,20.5,22,19.5,20,18.5,16,17.5,16,15.5,15,16,22,21.5,18,18,18.5
367,豐年公園,北投區,121.497019,25.13597,15,11.5,12,9.5,7,6.5,6,8,7,6.5,4,8.5,9.5,9.5,16.5,19,19.5,20.5
368,臺灣戲曲中心,士林區,121.51979,25.10208,20,20,20,18.5,18.5,18.5,18,18.5,18,17,16.5,14,13.5,15,14.5,13,14.5,14.5
369,世新大學,文山區,121.54361,24.98862,11.5,11.5,22.5,22.5,22,20.5,20.5,19,19.5,21,16,14.5,14.5,15.5,10.5,16.5,23,16.5
370,新和國小,萬華區,121.50242,25.02656,18,16.5,14,12,9,8.5,9,6,5.5,8.5,6.5,10,3,5.5,4.5,8.5,15,16.5
371,南門國中,中正區,121.50834,25.03532,10,9,11,8.5,9.5,9.5,11.5,13.5,14.5,15,11.5,13,9.5,8.5,10,10,10,9
372,重慶民族路口,大同區,121.51359,25.06825,14.5,12,10,8,12,9.5,8.5,9,10.5,10,4.5,8.5,5.5,10.5,7,9,15.5,18
373,中崙福成宮,松山區,121.546635,25.04525,12.5,17.5,14.5,14.5,15.5,17,18,18.5,18.5,16,13,14,16,21.5,20,14.5,13,13
374,麗湖國小,內湖區,121.602225,25.073322,7.5,7.5,8.5,8,7,7,6.5,6.5,5,7.5,6.5,8,8.5,12.5,12,13,13.5,13
375,銘傳大學,士林區,121.526766,25.087714,11.5,11,11.5,11.5,9.5,11,11,11,12.5,16,15.5,17,24,24.5,19.5,17,16,11
376,民生建國路口,中山區,121.536915,25.057778,5,4,7.5,6,4.5,5.5,9,9.5,10,8,7,4.5,5,6,6.5,10,10.5,12.5
377,南港路二段178巷口,南港區,121.599693,25.053675,11,11,10.5,9,9,7.5,4,4.5,4.5,4,4,10,10.5,8.5,10.5,13,15.5,14.5
378,陽光街321巷口,內湖區,121.578691,25.073193,11,11,11.5,14,16.5,18.5,17,19,21,24,17.5,11.5,10,15,17,15,16.5,16
379,春光公園,信義區,121.580762,25.042619,24.5,23,19,19,17,16,18,20,23.5,18,15.5,16,22,19.5,12.5,20,28,30.5
380,塔悠疏散門,松山區,121.567899,25.064713,12,13,13.5,13.5,14,12.5,12,14.5,15.5,15,13.5,10.5,5.5,8,9.5,12,18.5,18.5
381,民權東路六段15巷,內湖區,121.578125,25.06853,10.5,12,12,11.5,13.5,13.5,15,14.5,15.5,16.5,16.5,15.5,17.5,17.5,17,16.5,16.5,15.5
382,聯合醫院和平院區,中正區,121.50639,25.03516,23.5,23,28,31,29,27.5,20,17.5,25.5,22,22,15,18.5,19.5,18,23.5,24,21.5
383,一壽橋,文山區,121.55545,24.97848,13,12.5,10.5,9,11.5,13.5,14,12.5,12.5,13,13,13,8,3.5,3,4.5,6.5,9
384,松基公園,松山區,121.5448,25.05491,18,18.5,18,17,17.5,17.5,15.5,16.5,13,13.5,11.5,5.5,8,10,12.5,17.5,17.5,15.5
385,和興路26巷口,文山區,121.54531,24.9856,22,20.5,22,21.5,18,15.5,15,13,14.5,15,14.5,13,10,10.5,17.5,20.5,26,27
386,錦州吉林路口,中山區,121.52981,25.06029,21.5,18.5,23,19,17,18,15,15.5,17,13,12.5,7,10,10.5,14.5,23,21,21
387,吳興街260巷,信義區,121.56316,25.0261,10.5,14,15.5,14.5,5.5,4.5,7.5,10.5,10,15,12,13.5,6.5,13.5,15,11,11.5,7
388,景華街128巷口,文山區,121.547092,24.995563,15,10.5,11,16.5,14.5,12.5,8.5,8.5,4.5,13.5,9.5,9,6.5,11.5,9.5,9,7.5,12
389,福德國小,信義區,121.586245,25.038324,16,21,21.5,14,8.5,9,3.5,5,4.5,3.5,2.5,4.5,4.5,4,7,10.5,24.5,8
390,稻香重三路口,北投區,121.489594,25.139937,20,21,19.5,19,16,12,11,7.5,7.5,7,6,4,7.5,9,11,13.5,15.5,16.5
391,景仁公園,文山區,121.540295,24.9966,15.5,15,13.5,17.5,15,12.5,12.5,10.5,10.5,10.5,11,11,9,6.5,5.5,9,16,18.5
392,南京東興路口,松山區,121.565347,25.051489,12.5,7.5,11.5,7,5,6.5,5.5,15.5,18.5,9.5,8.5,3.5,4,5.5,8,9,5,10.5
393,內溝溪生態展示館,內湖區,121.623062,25.087217,10,11,11.5,11,9.5,9.5,7,7,7,7,7,7,7,7,7,6.5,6.5,6.5
394,松德虎林街口,信義區,121.576248,25.038352,17,21,19,17,18.5,19,12,12.5,13.5,17.5,19.5,18.5,16,8.5,12,17.5,14,19
395,安強公園,信義區,121.575413,25.036844,14,18.5,19.5,12.5,3.5,2,0.5,4.5,13,10,12.5,14,11,4.5,8,10,16,15.5
396,新東街51巷口,松山區,121.563318,25.061501,16,18.5,12,13,10,10,12,11.5,11.5,12.5,12,14.5,15,5.5,9,11,17,19.5
397,劍潭海外青年活動中心,士林區,121.5237,25.079603,17,16.5,23,22,18.5,21,24,25.5,26,26,22.5,18.5,19,21.5,24,29.5,22,18.5
398,聯合醫院陽明院區,士林區,121.531949,25.104546,9.5,12,14,11,14,12,10.5,12,9,9.5,10.5,10.5,9.5,9.5,9,14,15,15
399,和平龍泉街口,大安區,121.52946,25.026404,0,0,0,0,0,0,0,0,0,0,0,0,0,0,0,0,0,0
400,和平敦化路口,大安區,121.549076,25.02444,9,9.5,10,11.5,12,12.5,17.5,13.5,11.5,10.5,10,10,15.5,12,10.5,6.5,14,12
401,南京新生路口,中山區,121.527661,25.051944,22.5,16.5,10,11,8,11.5,6,10.5,12.5,11.5,7,2.5,0.5,4,11,12,24.5,24
402,下灣公園,內湖區,121.595611,25.065159,6,6,5,5.5,6,6.5,5.5,9,9,7.5,7.5,7,6.5,8,7,8,10,10
403,捷運內湖站(1號出口),內湖區,121.593929,25.083868,9,14,4.5,8,10.5,12.5,15.5,14.5,12.5,10,8.5,15,17.5,13,13,13.5,8.5,12.5
404,民族延平路口,大同區,121.510569,25.068653,26.5,26.5,19,15,19.5,16.5,16,13.5,14,16,11,3,5,8,9.5,11,16,19
